Running pi.c
Threads: 1
5.235563
5.233201
5.236471
5.239352
5.236553
5.240029
5.247092
5.237286
5.237781
5.224760
Threads: 2
2.610481
2.613524
2.609585
2.609416
2.609088
2.609448
2.609328
2.608702
2.609540
2.615738
Threads: 4
2.609894
2.609328
2.610964
2.610879
2.608961
2.610969
2.617869
2.609591
2.610260
2.612941
Threads: 8
2.619122
2.612924
2.615970
2.614102
2.615877
2.611638
2.613418
2.619921
2.615027
2.612908
Threads: 16
2.613347
2.615494
2.616748
2.614582
2.616692
2.616195
2.611289
2.617127
2.612268
2.612722
