Running pi.c
Threads: 1
5.235011
5.228427
5.235428
5.234600
5.243421
5.236720
5.230605
5.224084
5.228724
5.226834
Threads: 2
2.612122
2.610643
2.610329
2.612557
2.615186
2.610767
2.610775
2.611507
2.611337
2.610046
Threads: 4
2.610833
2.611834
2.608922
2.609877
2.616877
2.614469
2.611011
2.610092
2.614495
2.610769
Threads: 8
2.615882
2.614673
2.614172
2.610745
2.611111
2.610592
2.615988
2.622353
2.611615
2.613736
Threads: 16
2.615782
2.611430
2.614708
2.611365
2.614858
2.613291
2.610693
2.612199
2.621931
2.612368
