Running pi.c
Threads: 1
17.988299
17.960511
17.993873
17.987367
17.991528
17.972905
18.000162
17.981244
17.947930
17.983142
Threads: 2
9.729570
9.624026
9.724499
9.753890
15.125684
15.013878
14.886585
9.693160
9.682820
15.010550
Threads: 4
9.664057
12.360760
9.754288
9.755312
9.660591
9.783762
12.564605
9.687374
8.949969
9.708987
Threads: 8
9.313651
9.314366
10.405247
9.785306
9.744189
9.293834
9.598997
9.388353
9.348754
9.674247
Threads: 16
9.384091
9.273494
9.166989
9.266724
9.187541
9.333941
9.198718
9.343762
9.401304
9.100188
