Running pi.c
Threads: 1
14.172338
14.165479
14.172082
14.157888
14.168365
14.167796
14.160069
14.155535
14.157839
14.170944
Threads: 2
7.515935
7.533944
7.518913
7.492755
7.528926
7.560974
7.487663
7.481270
7.511694
7.522834
Threads: 4
7.693995
6.390857
4.283541
4.943435
7.872669
6.157457
4.948187
6.318547
7.751479
7.826329
Threads: 8
4.919897
5.552407
4.425384
4.117149
4.525298
4.800478
4.251800
4.955405
4.409017
4.292050
Threads: 16
3.865021
4.208575
3.812286
4.016126
4.071140
4.318617
4.115950
4.054466
3.934955
4.123379
