Running pi.c
Threads: 1
4.973068
5.074508
5.107483
5.074932
5.202779
5.077820
5.028767
4.964867
5.048921
4.970578
Threads: 2
2.577745
2.539345
2.558723
2.597492
2.605189
2.590747
2.597923
2.590536
2.592331
2.586508
Threads: 4
1.311254
1.302370
1.302121
1.303795
1.303431
1.302049
1.303861
1.303349
1.303330
1.302108
Threads: 8
1.307343
1.327066
1.331969
1.313381
1.330173
1.302168
1.320444
1.302595
1.302574
1.315724
Threads: 16
1.309829
1.306044
1.310365
1.308967
1.309174
1.314009
1.308281
1.307769
1.308399
1.305899
