Running pi.c
Threads: 1
4.978702
5.106978
5.026912
5.012146
5.021185
5.063200
5.023661
5.017381
4.961897
4.976029
Threads: 2
2.582961
2.579095
2.582508
2.557204
2.553395
2.594440
2.578997
2.583190
2.608491
2.618525
Threads: 4
1.302363
1.302224
1.301788
1.303036
1.303561
1.302367
1.303116
1.302969
1.302925
1.303078
Threads: 8
1.335285
1.323548
1.307563
1.305260
1.306527
1.312213
1.305625
1.318624
1.319849
1.317781
Threads: 16
1.308481
1.305928
1.308040
1.311654
1.304831
1.312509
1.307293
1.314519
1.304940
1.309179
