Running pi.c
Threads: 1
2.608100
2.608763
2.609723
2.606691
2.607865
2.607930
2.607783
2.608930
2.608735
2.623980
Threads: 2
1.313121
1.308488
1.314017
1.317215
1.306062
1.305971
1.314331
1.305008
1.305742
1.305688
Threads: 4
1.310130
1.312176
1.316645
1.304831
1.309642
1.354388
1.311224
1.345612
1.313287
1.312830
Threads: 8
1.326742
1.351821
1.339149
1.322274
1.318605
1.343404
1.336919
1.318372
1.333011
1.327004
Threads: 16
1.363261
1.376272
1.354996
1.364256
1.348003
1.354986
1.341138
1.370624
1.346505
1.348580
