Running pi_pad.c
Threads: 1
2.607762
2.606411
2.607409
2.610418
2.611228
2.608415
2.608264
2.626018
2.609450
2.612193
Threads: 2
1.304044
1.303191
1.304151
1.306994
1.302797
1.303648
1.305848
1.303951
1.303418
1.303265
Threads: 4
1.311351
1.312263
1.306578
1.348336
1.303997
1.310797
1.305791
1.356423
1.316454
1.306434
Threads: 8
1.324288
1.328398
1.315010
1.321251
1.322717
1.334815
1.325132
1.328246
1.337890
1.330870
Threads: 16
1.339580
1.341646
1.360806
1.370117
1.347909
1.394206
1.350618
1.357044
1.344209
1.334340
