Running pi.c
Threads: 1
1.491839
1.492701
1.490279
1.491061
1.492012
1.489599
1.490035
1.489726
1.489682
1.490904
Threads: 2
0.746397
0.746341
0.747475
0.749249
0.746387
0.745380
0.745975
0.746654
0.747334
0.746111
Threads: 4
0.374660
0.374929
0.376412
0.374174
0.374832
0.374907
0.373883
0.374192
0.374199
0.374434
Threads: 8
0.382692
0.381795
0.375196
0.377758
0.379782
0.379489
0.379823
0.462935
0.374889
0.418910
Threads: 16
0.414390
0.417482
0.440751
0.439288
0.449593
0.410462
0.409526
0.427501
0.416415
0.411172
