Running pi_pad.c
Threads: 1
1.490287
1.490612
1.489279
1.493710
1.490270
1.489721
1.490414
1.489795
1.489443
1.490566
Threads: 2
0.747415
0.746973
0.746527
0.746298
0.747249
0.748661
0.746773
0.746483
0.748511
0.747597
Threads: 4
0.376173
0.374838
0.374011
0.374278
0.375183
0.374342
0.373932
0.373810
0.374143
0.374247
Threads: 8
0.377044
0.374837
0.377779
0.428486
0.377863
0.460532
0.422344
0.421908
0.420495
0.458411
Threads: 16
0.412245
0.442798
0.435903
0.424344
0.440194
0.403829
0.439405
0.412640
0.397149
0.466756
