Running pi_pad.c
Threads: 1
17.964809
17.904905
17.986473
17.938712
17.923631
17.961172
17.948919
17.975502
17.901486
17.906921
Threads: 2
8.933598
8.932254
8.939610
8.930689
8.943358
8.953038
8.943551
8.936389
8.939880
8.940872
Threads: 4
8.935783
8.933684
8.960228
8.941866
8.946385
8.936796
8.939948
8.936534
8.941055
8.949702
Threads: 8
8.953643
8.931545
8.954254
8.941522
8.949080
8.952276
8.960901
8.944160
8.950199
8.950306
Threads: 16
8.943574
8.960900
8.973768
8.949260
8.947492
8.946218
8.949122
8.940061
8.954053
8.954618
