Running pi_pad.c
Threads: 1
14.169932
14.164961
14.159790
14.174104
14.168554
14.157080
14.155137
14.174556
14.157690
14.171806
Threads: 2
7.072015
7.075382
7.079641
7.078689
7.075232
7.082123
7.073463
7.077819
7.076027
7.072661
Threads: 4
3.545615
3.538516
3.536146
3.538161
3.537991
3.535796
3.537327
3.536508
3.535932
3.540109
Threads: 8
3.561746
3.537193
3.551926
3.541697
3.537418
3.539258
3.536402
3.546451
3.538998
3.546462
Threads: 16
3.541674
3.543086
3.545227
3.544361
3.542598
3.542932
3.539619
3.546450
3.540054
3.545146
