Running jacobi1d_pragma.c
Threads: 1
0.448124
0.449068
0.448506
0.446823
0.449307
0.450645
0.447939
0.447662
0.448955
0.447096
Threads: 2
0.225720
0.226059
0.225213
0.224956
0.226860
0.226187
0.227804
0.229159
0.226293
0.228932
Threads: 4
0.118869
0.115300
0.115692
0.125848
0.116465
0.114951
0.114826
0.115692
0.113274
0.114140
Threads: 8
0.134631
0.118506
0.122618
0.114531
0.125269
0.122862
0.116216
0.122980
0.118035
0.119012
Threads: 16
0.126185
0.119550
0.121496
0.120076
0.121412
0.126905
0.121735
0.127137
0.118496
0.125299
