Running jacobi1d_pragma.c
Threads: 1
0.447696
0.448748
0.447773
0.447113
0.449783
0.447697
0.448952
0.447786
0.448648
0.451608
Threads: 2
0.226675
0.226729
0.225363
0.228683
0.227018
0.225924
0.225882
0.225620
0.226647
0.225410
Threads: 4
0.114614
0.115193
0.113355
0.114670
0.113281
0.115321
0.113292
0.117279
0.113783
0.114573
Threads: 8
0.127376
0.115230
0.116707
0.115102
0.114974
0.127883
0.126973
0.116246
0.122879
0.127050
Threads: 16
0.126389
0.115641
0.123065
0.115018
0.122983
0.118762
0.123931
0.123333
0.123538
0.116099
